1  1401
2  1120
2  1125
3  1563
4  1561
5  1563
6  1561
7  1561
8  1561
9  1775
10  1775
11  1775
12  1775
13  1457
14  1476
15  1456
16  1823
17  1401
18  1401
19  1823
20  1476
21  1401
22  1457
23  1131
23  1120
24  1119
24  1131
25  1119
25  1131
26  1562
27  1252
28  1131
28  1122
29  1131
29  1122
30  1563
31  1416
32  1546
33  1546
34  1476
35  1020
36  1089
37  2126
38  1120
39  1190
39  1128
40  1273
41  1359
42  1401
43  1415
44  1561
44  1691
44  1478
45  1691
46  1691
47  1703
47  1248
47  1390
48  1758
49  1783
49  1480
50  1783
50  1480
51  1788
52  1404
53  1190
54  1190
55  1190
55  1192
56  1190
56  1192
56  1197
56  1681
57  1128
57  1190
58  1119
58  1843
59  1134
60  1190
60  1253
61  1234
61  1685
62  1686
63  1252
64  1476
65  1481
66  1482
67  1561
68  1835
69  1480
70  1478
71  1480
72  1770
73  1170
73  1665
74  1758
75  1676
76  1825
77  1676
77  1119
77  1251
78  1676
79  1788
79  1676
79  1119
79  1251
80  1467
81  1665
81  1457
82  1676
82  1120
82  1251
83  1826
84  1670
85  1476
86  1234
86  1685
87  1573
87  1252
88  1014
89  1020
90  1020
91  1020
92  1020
93  1022
93  1023
93  1036
93  1073
94  1078
94  1088
95  1079
96  1089
97  1114
98  1119
98  1121
98  1122
98  1126
99  1120
99  1787
99  1805
100  1120
100  1787
100  1805
101  1120
101  1787
101  1805
102  1120
102  1787
102  1805
103  1121
104  1129
105  1131
105  1120
105  1122
106  1134
107  1134
108  1170
109  1190
109  1191
110  1190
110  1191
111  1190
111  1191
112  1190
112  1197
112  1835
113  1190
113  1197
113  1681
114  1190
114  1789
115  1191
116  1253
117  1290
118  1312
119  1313
120  1313
121  1327
122  1327
122  1788
123  1367
124  1428
125  1457
126  1468
127  1468
128  1468
129  1468
130  1497
131  1570
132  1242
132  1676
133  1676
134  1676
135  1704
136  1732
137  1732
138  1764
138  1833
139  1764
139  1833
140  1764
140  1833
141  1807
142  1835
143  1477
144  1404
144  1459
144  1460
145  1581
146  1404
146  1459
147  1404
147  1459
148  1404
148  1459
148  1460
149  1252
150  1395
151  1546
152  1835
153  1390
153  1391
154  1486
155  1485
156  1485
157  1582
158  1489
159  1472
160  1662
160  1366
161  1662
161  1833
162  1662
163  1662
164  1662
165  1609
166  1362
166  1567
167  1258
167  1862
168  1013
168  1256
168  1313
169  1476
170  1476
171  1561
172  1563
173  1457
174  1561
175  1561
176  1099
176  1023
176  1036
176  1073
177  2004
178  1319
178  1614
179  1434
180  1396
181  1758
182  1561
183  1561
184  1561
185  1561
186  1561
187  1193
188  1561
189  1561
190  1480
190  1691
191  1628
192  1595
193  1190
193  1192
193  1197
193  1681
194  1335
195  1595
196  1585
197  1362
198  1362
199  1834
200  1561
201  1287
202  1287
203  1011
203  1532
204  1016
205  1016
206  1016
207  1020
208  1020
209  1020
210  1022
210  1023
210  1036
210  1073
210  1099
211  1022
212  1078
212  1088
213  1078
213  1088
214  1079
214  1116
215  1079
215  1116
216  1089
217  1089
218  1090
219  1090
220  1091
221  1094
221  1095
221  1096
222  1099
223  1112
224  1114
225  1117
226  1119
226  1120
226  1122
226  1788
227  1134
228  1201
229  1209
229  1497
230  1012
230  1248
231  1312
231  1315
231  1359
232  1320
233  1321
234  1327
235  1327
236  1352
237  1359
238  1384
239  1451
239  1829
240  1502
241  1502
242  1502
243  1548
244  1601
245  1611
245  1827
245  1776
246  1611
246  1827
246  1776
247  1319
247  1614
248  1643
249  1643
250  1730
250  1400
251  1730
251  1400
252  1259
252  1321
252  1798
253  1259
253  1321
253  1798
254  1807
254  1247
254  1350
255  1838
256  1327
257  1113
258  1327
258  1780
259  1338
260  1327
261  1539
262  1327
263  1477
264  1478
265  1561
266  1561
267  1561
268  1561
269  1561
270  1561
271  1016
272  1036
273  1074
274  1078
274  1088
275  1094
276  1094
277  1094
278  1094
278  1095
279  1094
280  1094
281  1094
282  1094
283  2004
284  2004
285  1117
286  1329
286  2204
287  1208
288  1208
289  1295
290  1295
291  1299
292  1312
293  1326
294  1327
295  1346
296  1348
297  1352
298  1470
299  1489
300  1502
301  1502
302  1502
303  1555
303  1256
303  1260
304  1555
304  1256
304  1260
305  1652
306  1665
307  1730
307  1400
308  1755
309  1578
309  1382
310  1576
311  1575
312  1573
313  1573
314  1573
315  1573
316  1577
317  1577
318  1573
319  1574
320  1573
321  1383
321  1573
322  1561
323  1561
324  1561
325  1190
325  1192
325  1197
325  1681
326  1190
326  1192
326  1197
326  1681
327  1335
328  1783
329  1580
330  1193
331  1561
332  1561
333  1581
334  1481
335  1595
336  1595
337  1597
338  1570
338  1571
339  1662
340  1572
341  1609
342  1609
343  1662
344  1662
345  1543
345  1609
346  1820
347  1662
348  1833
349  1662
350  1413
350  1662
351  1662
352  1764
352  1833
353  1833
354  1568
355  1691
356  1685
357  1685
358  1476
359  1476
360  1476
361  1404
361  1772
362  1404
362  1772
363  1404
363  1772
364  1585
365  1704
366  1252
367  1478
368  1561
369  1252
370  1835
371  1020
372  1020
373  1022
373  1023
373  1036
373  1073
374  1022
374  1023
374  1036
374  1073
375  1022
376  1074
377  1078
377  1088
378  1078
378  1088
379  1078
379  1088
380  1078
380  1088
381  1079
382  1079
383  1089
383  1564
384  1089
384  1564
385  1089
385  1564
386  1090
387  1094
388  1094
389  1094
390  1094
391  2104
392  1113
393  1113
394  1113
395  1129
396  1129
397  1129
398  1129
399  1129
400  1129
401  1134
402  1134
403  1190
403  1191
404  1190
404  1191
405  1190
405  1191
406  1190
406  1191
407  1190
407  1197
408  1209
408  1497
409  1297
410  1499
410  1312
411  1315
412  1313
413  1319
414  1319
415  1319
416  1327
417  1327
418  1335
419  1338
420  1347
421  1352
422  1367
423  1421
424  1502
425  1601
426  1601
427  1611
427  1776
427  1827
428  1614
429  1643
430  1676
431  1197
431  1681
432  1197
432  1681
433  1732
434  1749
434  1079
435  1798
436  1798
437  1798
438  1798
439  1807
439  1290
440  1807
440  1290
441  1300
441  1319
441  1494
441  1829
442  1833
443  1835
444  1917
445  1918
446  1546
447  1561
448  1563
449  1561
450  1568
451  1563
452  1457
453  1561
454  1561
455  1561
456  1563
457  1484
458  1391
459  1396
460  1391
461  1248
462  1485
463  1485
464  1582
465  1584
466  1561
467  1561
468  1382
469  1116
470  2176
471  1183
471  1625
472  1546
473  1563
474  1563
475  1563
476  1563
477  1563
478  1489
479  1758
480  1758
481  1676
482  1200
482  2022
483  1494
484  1079
485  1094
486  1020
487  1090
488  1094
489  1094
490  2004
491  1347
492  1614
493  1770
494  1570
494  1571
495  1570
495  1571
496  1561
497  1563
498  1561
499  1480
499  1561
500  1570
500  1571
501  1704
502  1480
502  1561
503  1480
503  1561
504  1197
505  1476
506  1476
507  1783
508  1570
508  1571
509  1783
510  1570
510  1571
511  1758
512  1489
513  1480
514  1676
515  1758
516  1758
517  1704
518  1584
519  1193
520  1704
521  1685
522  1758
523  1563
524  2333
524  1730
524  1400
525  2333
525  1730
525  1400
526  1116
527  1561
528  1561
529  1020
530  1020
531  1020
532  1020
533  1020
534  1020
535  1020
536  1020
537  1022
537  1023
537  1036
537  1073
537  1099
538  1022
539  1073
539  1094
540  1078
540  1088
541  1078
541  1088
542  1078
542  1088
543  1078
543  1088
544  1078
545  1079
545  1116
546  1079
546  1116
547  1079
547  1116
548  1079
548  1116
549  1079
549  1116
550  1079
550  1116
551  1079
551  1116
552  1089
553  1094
553  1079
553  1116
554  1094
554  1079
554  1116
555  1094
556  1116
556  1020
557  1079
557  1116
557  1020
558  1116
558  1020
559  1116
559  1020
560  1079
560  1116
561  1117
562  1134
563  1200
564  1200
565  1201
565  1359
566  1209
567  1312
567  1315
567  1359
568  1312
568  1315
568  1359
569  1312
569  1315
569  1359
570  1256
570  1260
570  1313
571  1327
572  1327
573  1338
574  1346
574  1639
575  1352
576  1400
577  1250
577  1400
578  1451
578  1829
579  1502
580  1506
581  1079
581  1116
581  1601
582  1601
583  1611
583  1827
584  1640
585  1643
586  1730
586  1400
587  1248
587  1730
588  1754
589  1770
589  1307
589  1400
590  1776
590  1400
591  1259
591  1321
591  1798
592  1807
592  1290
593  1807
593  1290
594  1829
595  1834
596  1843
597  1912
597  1434
598  1078
598  1079
598  1094
598  1400
598  1915
599  1078
599  1079
599  1094
599  1400
599  1915
600  1078
600  1079
600  1094
600  1400
600  1915
601  1916
602  1918
603  1483
604  1835
605  1483
606  1563
607  1561
608  1570
608  1571
609  1079
609  1116
610  1581
611  1628
612  1685
613  1396
614  1390
615  1561
616  1074
617  1090
618  1643
619  1287
620  1643
621  1730
621  1400
622  1730
622  1400
623  1730
623  1400
624  1943
625  1687
626  1570
626  1571
627  1570
627  1571
628  1570
628  1571
629  1561
629  1570
629  1571
630  1561
631  1665
632  1094
632  1095
633  1628
634  1685
635  1685
636  1252
637  1477
638  1546
639  1772
640  1200
641  1020
642  1020
643  1020
